== 0x80120dfc + 0x1d4
   0x80120dfc  00800000 80000000 00000080 00200000      +0x0:mappings,mappings
   0x80120e0c  20000000 00000020 00004000 00004000      
   0x80120e1c  00004000 00008000 00008000 00008000      
   0x80120e2c  00002000 00002000 00002000 00000010      
   0x80120e3c  00000800 00000800 00000040 00000200      
   0x80120e4c  00000200 00001000 00001000 00001000      
   0x80120e5c  00000800 00000100 00000100 00000080      
   0x80120e6c  00000010 00000010 00000010 00000010      
   0x80120e7c  00000010 00000400 00000400 00000400      
   0x80120e8c  00000020 00000001 00000001 00800000      
   0x80120e9c  80000000 00000080 00200000 20000000      
   0x80120eac  00000020 00004000 10000000 00008000      
   0x80120ebc  00008000 40000000 00004000 00002000      
   0x80120ecc  00002000 00002000 00000010 00100000      
   0x80120edc  00000800 00000040 00400000 00000200      
   0x80120eec  00001000 00001000 00001000 00000020      
   0x80120efc  00000100 00000100 00000080 00000010      
   0x80120f0c  00000010 00000010 00000010 00000010      
   0x80120f1c  00000400 00000400 00000400 00000800      
   0x80120f2c  00000001 00000001 00800000 80000000      
   0x80120f3c  00000080 00200000 20000000 00000020      
   0x80120f4c  00008000 00004000 00004000 00004000      
   0x80120f5c  00008000 00008000 00002000 00002000      
   0x80120f6c  00002000 00000010 00000200 00000200      
   0x80120f7c  00000040 00000100 00000100 00001000      
   0x80120f8c  00001000 00001000 00000800 00000800      
   0x80120f9c  00000800 00000080 00000010 00000010      
   0x80120fac  00000010 00000010 00000010 00000400      
   0x80120fbc  00000400 00000400 00000020 00000001      
   0x80120fcc  00000001                                 
